118
135
190
119
126
180
130
185

169
176
191
189
177
103
176

160
133
146
189
170

142
122
102
142
106
133
162
145
170
199
146
162
119
140
156
101
145
142
137
196
147
162
180
195
167
184
172
126
162
193
101
103
122
174
191
151
124
110
177
184
166
170
125
102
157
159
178
181
146
174
127
191
130
126
179
143
145
167
103
120
141
186
110
163
171
173
198
121
155
148
168
104
118
127
108
132
114
151
140
172
185
181
123
161
121
187
198
181
199
183
101
174
197
111
121
139
150
126
170
128
174
194
193
161
144
103
143
149
173
152
104
104
119
133
172
195
135
183
169
164
107
100
101
146
130
174
159
103
171
199
128
122
136
191
169
198
174
118
122
102
153
165
152
137
147
194
111
157
109
168
132
141
192
175
121
132
185
130
197
160
184
135
136
143
141
107
106
100
197
129
172
163
182
140
152
148
158
135
